23010260911
12318215888
27293348939
20093302645
54170937748
28354686870
58570001540
26554754268
34482956604
96752975958
65831251511
43298673269
26109734136
33472506283
95802422860
73205690236
90752256198
63569144741
28007899453
14431897928
33570587719
87272996910
98575117595
82601312850
72781599520
44239436426
69186792401
42936991822
46867657925
90481845612
93071239494
61921953173
59879054208
87128066741
18037326696
14214686642
81991149780
67414986137
92730676542
33920274225
98863214218
24656706261
35392058803
57862933969
69277988403
50971989841
95646032344
22730098589
57055231517
16527521244
92740209509
44489441837
99591462131
31996895000
36690804487
46845791813
86028103924
96278258665
49324078677
45084853709
86002057366
21446037015
13400562616
50530183951
25605470627
47192323366
94774141206
83060421859
56965735975
79962478101
37372038501
96001780030
63895810741
33838297943
76045243244
19271682570
36321553733
91860916336
29212618377
12887268523
26781437171
50409088370
74092413768
99097742413
88643453528
44364934671
23338123163
19415700856
43776406546
41346537445
46756689620
84359959845
31595276808
86890051515
33052368269
91772040304
27813053280
10452293954
58294385204
45255332641
93797851950
59377481236
17834227611
67850738938
84428891770
26005263870
93811484602
57359203246
61616411078
55875539299
37596538650
12070191256
28699437561
73476280340
19872177616
77963299697
60391449319
67054788001
60636458804
76545804942
87858221788
58070841735
70052047735
99747924542
66206099390
44844063479
20264249763
43748464298
24124498070
69788914953
56251417184
14244607492
60441195809
83575381617
23406815186
38994414647
34037793164
13151402090
35764602227
19566632770
67064161146
47108098436
64041182576
26579586363
51802516823
11378649309
70590757433
77701487024
17202904434
82286286296
44104008226
82102406956
60910150107
91250250787
49495312917
20889952644
35357902057
81419924759
88744990418
34821502987
34613790172
13235129209
52382959401
22261511293
93376366450
60293211097
15057879994
23230049783
65976216488
96168458635
14559520841
88484221365
41616182167
86448261917
77967029687
91561771817
25649651897
69451209288
46624230182
56461368763
93968443052
53838745064
26469681264
15190983782
44517079520
77363816175
14904163773
86233746737
94183016380
39073761475
74242695898
38985189407
65836302841
66389417871
42310455745
40925280267
85291907306
52991337663
37870035214
35847896861
83373440781
44944891548
19042725301
26402755087
54437402526
93413877450
30657762728
21245777681
47100949189
67582762890
33588078649
92818357474
56818476349
86376680420
64834594745
18622705322
51658398734
50629700917
54358159913
25568778927
23047686075
19102857019
20422703078
82749435450
48623996931
48675327478
19244825642
32242239885
12752609363
58352005540
42399526725
17284000167
67332308296
75824036704
49073538607
87834877288
54971511221
78702955730
75565360589
50696685460
80476098111
21565641729
76598981071
73805379640
17938580183
