94562439439
67378504549
65661777170
57838088751
73700719378
44871759482
55043159839
24938418042
84307432698
57400205152
98819954719
21210975730
93753520683
77144814983
91630760836
35977144367
25389310464
71333720856
64726959734
86861878522
12258690469
20896558098
14721173990
71478481797
16653673930
55296704777
14444218065
43829494203
62704368173
86981030405
90508798769
70117110936
38899361799
65564312345
88123488910
26636686754
61818319598
92431387435
93595536283
71453399956
76441362180
14256954632
94955670709
73553087257
32464223379
36091060491
35049758773
46112751733
85546480799
22431236088
34813151535
38185194039
47972241336
94927935079
37953482650
29655446212
10753222863
40620136887
60685955466
30814012015
18153449272
72319310599
12701114759
19439686339
66694195252
75771159413
80177960815
26495283263
11851319144
99154635417
75357633822
37348908887
22933270905
62361128090
51906513614
64616984970
25133942788
89724224767
72447400161
41788808460
35549735680
52372433425
74397125670
25139563742
92496216236
35892370203
13686902969
14585086341
92145963128
68622775021
50249754058
50725195270
63302447020
13971871806
29843005996
39604422495
37403671888
36269493791
92630113920
47214675507
82195566066
70977293209
55074585244
37797060748
42628092651
64726050528
34563645865
24841250698
56923642859
70763183495
89140261538
24129448426
80185839820
27078124415
33363088546
73383506715
19528469158
39498041309
34549362417
49959642240
71547853700
57215462682
82095810996
15031752016
69240950067
63934602223
54854360115
28500399051
52631896131
90165892743
28286499567
13423774496
73125670521
32678578137
93957159568
59931426556
97300913000
96742361461
49157376462
93361478803
79600950344
68495515379
41564814821
30016640737
45262276560
97100752922
64710653147
98041940455
57672953489
59246040737
70809375035
12556149277
82083918737
50124617287
92272296604
62199684707
22331926811
15632238246
57278790454
94757123265
54984997449
10522943644
63410874322
60066764491
66116970914
46789143858
82911521837
55024716221
80562033684
57128024629
55630986580
96802435427
33098963427
52477230982
81778575545
17000869501
79938860578
90235290482
49514663947
86261346989
10079454533
40030013127
12442443165
73117601332
82019866213
31020098013
79072025265
98201043394
91608792654
75238025248
65204115407
89488585167
30471288350
47043845390
91682110349
66717850244
53890967001
73142957797
18760344994
97403998592
98100609220
59020451826
47416142530
35454096501
54748541671
